#Dimensions
48 48

#Horizontal lines
8 
5 5 
7 4 9 
10 3 10 
12 3 7 
14 2 3 1 
15 1 1 9 
17 3 9 
18 5 8 
19 6 7 
19 8 5 
20 9 4 
20 11 3 
21 13 1 
20 14 
21 2 
21 11 
21 2 12 1 
20 3 1 10 1 
21 4 3 8 1 
20 4 3 7 2 
18 6 5 4 2 
18 8 7 3 3 
17 9 8 3 
16 10 9 4 
14 11 8 4 
11 13 7 1 4 
1 9 14 6 1 4 
3 6 15 6 2 3 
3 2 13 5 4 2 
5 2 2 10 3 5 2 
12 6 7 2 5 2 
12 10 4 1 6 2 
12 14 1 7 2 
12 17 8 2 
12 17 9 1 
12 17 11 1 
11 16 12 1 
11 16 13 
11 15 15 
11 13 16 
9 12 17 
9 11 15 3 
9 8 1 
8 5 15 
6 1 15 
3 4 


#Vertical lines

8 
17 
3 17 
7 18 
10 16 
12 16 
14 16 
17 16 
18 16 
18 14 
19 10 1 
20 7 3 
20 3 7 1 
21 9 1 
20 12 1 
20 15 1 
21 1 14 1 
20 2 13 1 
20 4 13 1 
19 5 12 2 
19 6 12 2 
18 8 11 2 
19 9 10 2 
18 9 10 2 
16 10 9 2 
15 13 7 1 2 
14 14 7 2 2 
12 15 6 3 2 
10 16 4 4 2 
1 7 1 12 3 4 2 
1 3 2 7 2 5 2 
7 5 6 3 6 1 
6 7 1 11 7 1 
5 8 1 13 8 1 
3 9 3 11 9 
2 1 1 8 4 10 10 
1 2 2 7 5 8 11 
2 3 6 5 7 13 
3 3 5 6 4 14 
4 4 4 7 2 15 
4 4 3 7 16 
4 5 3 7 14 
4 6 2 5 5 7 
3 7 1 3 13 2 
3 7 1 18 
2 7 11 

